[soe][Equalizer#0]
numBands=10

[soe][Equalizer#0#left]
band0Frequency=105
band0Gain=4.599999904632568
band0Mode=6
band0Q=0.6666666865348816
band0Type=5
band10Type=0
band11Type=0
band12Type=0
band13Type=0
band14Type=0
band15Type=0
band16Type=0
band17Type=0
band18Type=0
band19Type=0
band1Frequency=39.20000076293945
band1Gain=-0.02999999999999925
band1Mode=6
band1Q=1.6299999952316284
band20Type=0
band21Type=0
band22Type=0
band23Type=0
band24Type=0
band25Type=0
band26Type=0
band27Type=0
band28Type=0
band29Type=0
band2Frequency=154.39999389648438
band2Gain=-0.05999999999999925
band2Mode=6
band2Q=0.699999988079071
band30Type=0
band31Type=0
band3Frequency=247.39999389648438
band3Gain=-1.3799999999999992
band3Mode=6
band3Q=1.7799999713897705
band4Frequency=414.6000061035156
band4Gain=-2.7999999999999994
band4Mode=6
band4Q=2.190000057220459
band5Frequency=529
band5Gain=1.5
band5Mode=6
band5Q=2.130000114440918
band6Frequency=793.5
band6Gain=-1.600000023841858
band6Mode=6
band6Q=1.0700000524520874
band7Frequency=3104.89990234375
band7Gain=0.3800000000000008
band7Mode=6
band7Q=3.5299999713897705
band8Frequency=5849.2998046875
band8Gain=0.5900000000000007
band8Mode=6
band8Q=4.070000171661377
band9Frequency=10000
band9Gain=0.12000000000000074
band9Mode=6
band9Q=0.6666666865348816
band9Type=3

[soe][Equalizer#0#right]
band0Frequency=105
band0Gain=4.599999904632568
band0Mode=6
band0Q=0.6666666865348816
band0Type=5
band10Type=0
band11Type=0
band12Type=0
band13Type=0
band14Type=0
band15Type=0
band16Type=0
band17Type=0
band18Type=0
band19Type=0
band1Frequency=39.20000076293945
band1Gain=-0.02999999999999925
band1Mode=6
band1Q=1.6299999952316284
band20Type=0
band21Type=0
band22Type=0
band23Type=0
band24Type=0
band25Type=0
band26Type=0
band27Type=0
band28Type=0
band29Type=0
band2Frequency=154.39999389648438
band2Gain=-0.05999999999999925
band2Mode=6
band2Q=0.699999988079071
band30Type=0
band31Type=0
band3Frequency=247.39999389648438
band3Gain=-1.3799999999999992
band3Mode=6
band3Q=1.7799999713897705
band4Frequency=414.6000061035156
band4Gain=-2.7999999999999994
band4Mode=6
band4Q=2.190000057220459
band5Frequency=529
band5Gain=1.5
band5Mode=6
band5Q=2.130000114440918
band6Frequency=793.5
band6Gain=-1.600000023841858
band6Mode=6
band6Q=1.0700000524520874
band7Frequency=3104.89990234375
band7Gain=0.3800000000000008
band7Mode=6
band7Q=3.5299999713897705
band8Frequency=5849.2998046875
band8Gain=0.5900000000000007
band8Mode=6
band8Q=4.070000171661377
band9Frequency=10000
band9Gain=0.12000000000000074
band9Mode=6
band9Q=0.6666666865348816
band9Type=3

[soe][Equalizer#1]
numBands=10

[soe][Equalizer#1#left]
band0Gain=19.52
band10Type=0
band11Type=0
band12Type=0
band13Type=0
band14Type=0
band15Type=0
band16Type=0
band17Type=0
band18Type=0
band19Type=0
band1Gain=20.53
band20Type=0
band21Type=0
band22Type=0
band23Type=0
band24Type=0
band25Type=0
band26Type=0
band27Type=0
band28Type=0
band29Type=0
band2Gain=16.810000000000002
band30Type=0
band31Type=0
band3Gain=17.32
band4Gain=-0.21999999999999925
band5Gain=-0.38999999999999924
band9Gain=1.2200000000000009

[soe][Equalizer#1#right]
band0Gain=19.52
band10Type=0
band11Type=0
band12Type=0
band13Type=0
band14Type=0
band15Type=0
band16Type=0
band17Type=0
band18Type=0
band19Type=0
band1Gain=20.53
band20Type=0
band21Type=0
band22Type=0
band23Type=0
band24Type=0
band25Type=0
band26Type=0
band27Type=0
band28Type=0
band29Type=0
band2Gain=16.810000000000002
band30Type=0
band31Type=0
band3Gain=17.32
band4Gain=-0.21999999999999925
band5Gain=-0.38999999999999924
band9Gain=1.2200000000000009
